avg_btn_aaten_delta =

    0.2219


avg_btn_cesn_delta =

    0.2495


avg_btn_psc_delta =

    0.1833


aaten_mean =

    0.0474


btn_mean =

    0.2693


cesn_mean =

    0.0198


psc_mean =

    0.0860